k =  60
18.845098
19.930980
20.059188
20.116164
20.133623
20.127403
20.076778
20.002978
19.921384
19.879383
19.837197
k =  70
19.070273
20.058479
20.139418
20.157437
20.144535
20.114620
20.030672
19.933207
19.831576
19.780495
19.729736
k =  80
19.229748
20.134750
20.184743
20.179996
20.150033
20.106596
20.001782
19.888378
19.774016
19.717750
19.662046
k =  100
19.425609
20.216157
20.232155
20.202962
20.154025
20.095390
19.966962
19.836471
19.710046
19.648891
19.589407
k =  120
19.529572
20.254124
20.253587
20.211894
20.153442
20.086937
19.947324
19.809402
19.677848
19.615053
19.553929
