PNSR
image  formes2bb30
24.186319
27.655049
28.183850
27.801339
27.183137
26.580611
24.612719
22.866252
image  formes2pets1
33.888738
32.771541
30.902252
29.694030
28.765201
27.910404
25.285465
23.106377
image  formes2bb40b
21.963813
25.570829
26.225408
25.931622
25.378947
24.844312
22.907501
21.201654
image  formes2pets5
23.914997
26.559797
25.114939
24.027924
23.194255
22.387471
20.173421
18.304192
image  formes2bb40
21.983368
25.649518
26.233561
25.893847
25.379487
24.823130
22.888318
21.264963
image  formes2bb10b
32.593082
35.141199
35.057766
34.271916
33.349241
32.452626
29.514671
26.906276
image  formes2bb50b
20.039669
23.875498
24.672537
24.448192
23.908664
23.338258
21.462177
19.772385
image  formes2sp1
20.710801
24.473005
25.729656
25.893242
25.636491
25.224456
23.534379
21.911099
image  formes2bb10
32.627716
35.112079
35.006837
34.167478
33.252805
32.372076
29.476988
26.932418
image  formes2bb50
19.907990
23.738840
24.550328
24.364987
23.825669
23.256479
21.395571
19.741235
image  formes2sp2
17.835171
21.775935
23.327759
23.691895
23.552152
23.200506
21.629753
20.083375
image  formes2bb15b
29.765664
32.781036
32.883470
32.220720
31.478728
30.721229
28.274541
26.084570
image  formes2bb67b
18.710302
22.318841
23.008443
22.818192
22.372025
21.826861
20.091109
18.477117
image  formes2sp5
13.800129
17.858086
19.694216
20.268589
20.253260
19.997894
18.605109
17.090844
image  formes2bb15
29.681702
32.692489
32.820125
32.168105
31.392069
30.668588
28.210275
26.036166
image  formes2bb67
15.612165
19.803263
21.006160
21.047137
20.665645
20.211803
18.445049
16.824454
image  formes2bb25b
25.773251
29.054727
29.400134
28.949342
28.285488
27.641587
25.597621
23.827073
image  formes2bb90b
17.207665
20.359871
21.067087
20.938987
20.565866
20.161396
18.669867
17.260536
image  formes2bb30b
24.251594
27.692276
28.184548
27.790217
27.192016
26.587985
24.600378
22.858411
image  formes2bb90
15.054835
19.256017
20.566993
20.676322
20.340209
19.849169
18.088767
16.470230
